inspectionPath = [0, 0, 0, 0, 0, 0;
1000, 0, 0, 0, 0, -2.34159;
1000, 5000, 0, 0, 0, 3.14159;
1000, 5000, 4000, 0, 0, 3.14159;
];