inspectionPath = [0, 0, 0, 0, 0, 0;
1000, 0, 0, 0, 0, -2.34159;
5000, 0, 0, 0, 0, 3.14159;
];