inspectionPath = [0, 0, 0, 0, 0, 0;
4000, 3000, 0, 0, 0, -2.34159;
];